      # Columns are: wavelength (microns), kappa ext (cm^2 g^-1),   kappa abs (cm^2 g^-1), kappa sca (cm^2 g^-1), albedo
 # Note that the opacities are per gram of gas
   1.0000E-02   6.9849E+00   3.3632E+00   3.6217E+00   5.1850E-01
   1.0334E-02   6.9835E+00   3.3615E+00   3.6219E+00   5.1864E-01
   1.0680E-02   6.9853E+00   3.3553E+00   3.6300E+00   5.1966E-01
   1.1037E-02   6.9721E+00   3.3738E+00   3.5983E+00   5.1610E-01
   1.1406E-02   6.9788E+00   3.3620E+00   3.6168E+00   5.1826E-01
   1.1788E-02   6.9516E+00   3.4239E+00   3.5277E+00   5.0746E-01
   1.2182E-02   6.9443E+00   3.3785E+00   3.5659E+00   5.1350E-01
   1.2589E-02   6.9654E+00   3.3602E+00   3.6051E+00   5.1758E-01
   1.3010E-02   6.9735E+00   3.3499E+00   3.6236E+00   5.1962E-01
   1.3445E-02   6.9713E+00   3.3500E+00   3.6214E+00   5.1946E-01
   1.3895E-02   6.9783E+00   3.3377E+00   3.6406E+00   5.2170E-01
   1.4360E-02   6.9805E+00   3.3322E+00   3.6483E+00   5.2264E-01
   1.4840E-02   6.9819E+00   3.3283E+00   3.6536E+00   5.2330E-01
   1.5336E-02   6.9835E+00   3.3246E+00   3.6588E+00   5.2393E-01
   1.5849E-02   6.9851E+00   3.3214E+00   3.6637E+00   5.2450E-01
   1.6379E-02   6.9872E+00   3.3174E+00   3.6698E+00   5.2522E-01
   1.6927E-02   6.9891E+00   3.3178E+00   3.6713E+00   5.2529E-01
   1.7493E-02   6.9913E+00   3.3139E+00   3.6774E+00   5.2600E-01
   1.8078E-02   6.9926E+00   3.3101E+00   3.6825E+00   5.2663E-01
   1.8682E-02   6.9986E+00   3.2997E+00   3.6989E+00   5.2852E-01
   1.9307E-02   7.0039E+00   3.2997E+00   3.7042E+00   5.2888E-01
   1.9953E-02   7.0056E+00   3.3107E+00   3.6949E+00   5.2742E-01
   2.0620E-02   7.0051E+00   3.3042E+00   3.7009E+00   5.2831E-01
   2.1309E-02   7.0116E+00   3.2919E+00   3.7197E+00   5.3051E-01
   2.2022E-02   7.0250E+00   3.2754E+00   3.7497E+00   5.3376E-01
   2.2758E-02   7.0371E+00   3.3302E+00   3.7069E+00   5.2676E-01
   2.3520E-02   6.9987E+00   3.3393E+00   3.6593E+00   5.2286E-01
   2.4306E-02   7.0067E+00   3.3023E+00   3.7044E+00   5.2869E-01
   2.5119E-02   7.0165E+00   3.2825E+00   3.7341E+00   5.3218E-01
   2.5959E-02   7.0251E+00   3.2676E+00   3.7576E+00   5.3488E-01
   2.6827E-02   7.0331E+00   3.2576E+00   3.7754E+00   5.3681E-01
   2.7724E-02   7.0395E+00   3.2476E+00   3.7919E+00   5.3867E-01
   2.8651E-02   7.0483E+00   3.2365E+00   3.8119E+00   5.4082E-01
   2.9609E-02   7.0569E+00   3.2273E+00   3.8296E+00   5.4268E-01
   3.0599E-02   7.0654E+00   3.2196E+00   3.8459E+00   5.4432E-01
   3.1623E-02   7.0741E+00   3.2122E+00   3.8619E+00   5.4592E-01
   3.2680E-02   7.0829E+00   3.2049E+00   3.8780E+00   5.4752E-01
   3.3773E-02   7.0919E+00   3.1982E+00   3.8936E+00   5.4903E-01
   3.4903E-02   7.1010E+00   3.1914E+00   3.9096E+00   5.5056E-01
   3.6070E-02   7.1103E+00   3.1847E+00   3.9257E+00   5.5211E-01
   3.7276E-02   7.1199E+00   3.1773E+00   3.9426E+00   5.5374E-01
   3.8522E-02   7.1298E+00   3.1694E+00   3.9604E+00   5.5547E-01
   3.9811E-02   7.1404E+00   3.1570E+00   3.9835E+00   5.5788E-01
   4.1142E-02   7.1513E+00   3.1431E+00   4.0083E+00   5.6049E-01
   4.2518E-02   7.1669E+00   3.1292E+00   4.0377E+00   5.6338E-01
   4.3940E-02   7.1816E+00   3.1239E+00   4.0578E+00   5.6502E-01
   4.5409E-02   7.1953E+00   3.1214E+00   4.0739E+00   5.6619E-01
   4.6928E-02   7.2085E+00   3.1192E+00   4.0893E+00   5.6729E-01
   4.8497E-02   7.2213E+00   3.1162E+00   4.1051E+00   5.6848E-01
   5.0119E-02   7.2341E+00   3.1114E+00   4.1226E+00   5.6989E-01
   5.1795E-02   7.2469E+00   3.1038E+00   4.1431E+00   5.7170E-01
   5.3527E-02   7.2603E+00   3.0895E+00   4.1708E+00   5.7447E-01
   5.5317E-02   7.2766E+00   3.0642E+00   4.2125E+00   5.7890E-01
   5.7167E-02   7.2972E+00   3.0320E+00   4.2652E+00   5.8450E-01
   5.9078E-02   7.3223E+00   2.9944E+00   4.3279E+00   5.9106E-01
   6.1054E-02   7.3530E+00   2.9702E+00   4.3828E+00   5.9606E-01
   6.3096E-02   7.3841E+00   2.9556E+00   4.4285E+00   5.9974E-01
   6.5206E-02   7.4160E+00   2.9479E+00   4.4681E+00   6.0250E-01
   6.7386E-02   7.4469E+00   2.9573E+00   4.4897E+00   6.0289E-01
   6.9640E-02   7.4778E+00   2.9688E+00   4.5090E+00   6.0298E-01
   7.1969E-02   7.5075E+00   2.9886E+00   4.5189E+00   6.0192E-01
   7.4375E-02   7.5351E+00   3.0148E+00   4.5203E+00   5.9990E-01
   7.6862E-02   7.5614E+00   3.0423E+00   4.5191E+00   5.9766E-01
   7.9433E-02   7.5803E+00   3.0875E+00   4.4928E+00   5.9270E-01
   8.2089E-02   7.5978E+00   3.1322E+00   4.4655E+00   5.8774E-01
   8.4834E-02   7.6094E+00   3.1569E+00   4.4526E+00   5.8514E-01
   8.7671E-02   7.6195E+00   3.1779E+00   4.4416E+00   5.8293E-01
   9.0314E-02   7.6421E+00   3.1738E+00   4.4683E+00   5.8470E-01
   9.0348E-02   7.6425E+00   3.1736E+00   4.4689E+00   5.8474E-01
   9.0364E-02   7.6427E+00   3.1735E+00   4.4692E+00   5.8477E-01
   9.0366E-02   7.6427E+00   3.1735E+00   4.4692E+00   5.8477E-01
   9.0398E-02   7.6430E+00   3.1733E+00   4.4698E+00   5.8481E-01
   9.0399E-02   7.6431E+00   3.1733E+00   4.4698E+00   5.8482E-01
   9.0414E-02   7.6432E+00   3.1732E+00   4.4700E+00   5.8484E-01
   9.0416E-02   7.6432E+00   3.1732E+00   4.4701E+00   5.8484E-01
   9.0448E-02   7.6436E+00   3.1730E+00   4.4706E+00   5.8489E-01
   9.0449E-02   7.6436E+00   3.1730E+00   4.4706E+00   5.8489E-01
   9.0466E-02   7.6438E+00   3.1729E+00   4.4709E+00   5.8491E-01
   9.0499E-02   7.6441E+00   3.1727E+00   4.4715E+00   5.8496E-01
   9.0603E-02   7.6453E+00   3.1720E+00   4.4733E+00   5.8510E-01
   9.3633E-02   7.6719E+00   3.1783E+00   4.4936E+00   5.8572E-01
   9.6764E-02   7.6916E+00   3.1975E+00   4.4941E+00   5.8429E-01
   9.7652E-02   7.6967E+00   3.2028E+00   4.4939E+00   5.8387E-01
   9.7702E-02   7.6970E+00   3.2031E+00   4.4938E+00   5.8384E-01
   9.7752E-02   7.6973E+00   3.2035E+00   4.4938E+00   5.8382E-01
   1.0000E-01   7.7092E+00   3.2172E+00   4.4919E+00   5.8267E-01
   1.0334E-01   7.7235E+00   3.2434E+00   4.4801E+00   5.8006E-01
   1.0358E-01   7.7242E+00   3.2461E+00   4.4781E+00   5.7975E-01
   1.0363E-01   7.7244E+00   3.2466E+00   4.4778E+00   5.7969E-01
   1.0365E-01   7.7244E+00   3.2468E+00   4.4776E+00   5.7967E-01
   1.0368E-01   7.7245E+00   3.2472E+00   4.4774E+00   5.7963E-01
   1.0370E-01   7.7246E+00   3.2474E+00   4.4772E+00   5.7961E-01
   1.0375E-01   7.7247E+00   3.2479E+00   4.4768E+00   5.7954E-01
   1.0680E-01   7.7334E+00   3.2794E+00   4.4540E+00   5.7594E-01
   1.1037E-01   7.7441E+00   3.3107E+00   4.4334E+00   5.7249E-01
   1.1406E-01   7.7562E+00   3.3375E+00   4.4187E+00   5.6970E-01
   1.1788E-01   7.7693E+00   3.3616E+00   4.4077E+00   5.6732E-01
   1.2152E-01   7.7822E+00   3.3819E+00   4.4003E+00   5.6543E-01
   1.2157E-01   7.7824E+00   3.3822E+00   4.4002E+00   5.6541E-01
   1.2162E-01   7.7826E+00   3.3824E+00   4.4002E+00   5.6539E-01
   1.2182E-01   7.7833E+00   3.3835E+00   4.3999E+00   5.6529E-01
   1.2589E-01   7.7981E+00   3.4033E+00   4.3948E+00   5.6357E-01
   1.3010E-01   7.8136E+00   3.4213E+00   4.3923E+00   5.6213E-01
   1.3341E-01   7.8259E+00   3.4336E+00   4.3922E+00   5.6125E-01
   1.3341E-01   7.8259E+00   3.4336E+00   4.3922E+00   5.6125E-01
   1.3346E-01   7.8260E+00   3.4338E+00   4.3923E+00   5.6124E-01
   1.3346E-01   7.8261E+00   3.4338E+00   4.3923E+00   5.6123E-01
   1.3351E-01   7.8262E+00   3.4340E+00   4.3923E+00   5.6122E-01
   1.3351E-01   7.8262E+00   3.4340E+00   4.3923E+00   5.6122E-01
   1.3352E-01   7.8263E+00   3.4340E+00   4.3923E+00   5.6122E-01
   1.3352E-01   7.8263E+00   3.4340E+00   4.3923E+00   5.6122E-01
   1.3357E-01   7.8265E+00   3.4342E+00   4.3923E+00   5.6121E-01
   1.3357E-01   7.8265E+00   3.4342E+00   4.3923E+00   5.6121E-01
   1.3362E-01   7.8267E+00   3.4343E+00   4.3923E+00   5.6120E-01
   1.3362E-01   7.8267E+00   3.4343E+00   4.3923E+00   5.6120E-01
   1.3445E-01   7.8298E+00   3.4371E+00   4.3927E+00   5.6103E-01
   1.3895E-01   7.8466E+00   3.4497E+00   4.3969E+00   5.6036E-01
   1.4360E-01   7.8637E+00   3.4570E+00   4.4067E+00   5.6038E-01
   1.4774E-01   7.8778E+00   3.4716E+00   4.4062E+00   5.5932E-01
   1.4779E-01   7.8780E+00   3.4718E+00   4.4061E+00   5.5930E-01
   1.4779E-01   7.8780E+00   3.4718E+00   4.4061E+00   5.5930E-01
   1.4784E-01   7.8781E+00   3.4720E+00   4.4061E+00   5.5928E-01
   1.4784E-01   7.8781E+00   3.4721E+00   4.4061E+00   5.5928E-01
   1.4784E-01   7.8781E+00   3.4721E+00   4.4061E+00   5.5928E-01
   1.4786E-01   7.8782E+00   3.4721E+00   4.4060E+00   5.5927E-01
   1.4788E-01   7.8783E+00   3.4723E+00   4.4060E+00   5.5926E-01
   1.4789E-01   7.8783E+00   3.4723E+00   4.4060E+00   5.5926E-01
   1.4789E-01   7.8783E+00   3.4723E+00   4.4060E+00   5.5926E-01
   1.4791E-01   7.8783E+00   3.4724E+00   4.4060E+00   5.5925E-01
   1.4793E-01   7.8784E+00   3.4725E+00   4.4059E+00   5.5924E-01
   1.4794E-01   7.8784E+00   3.4725E+00   4.4059E+00   5.5924E-01
   1.4795E-01   7.8785E+00   3.4725E+00   4.4059E+00   5.5924E-01
   1.4796E-01   7.8785E+00   3.4726E+00   4.4059E+00   5.5923E-01
   1.4798E-01   7.8786E+00   3.4727E+00   4.4059E+00   5.5922E-01
   1.4800E-01   7.8786E+00   3.4728E+00   4.4059E+00   5.5922E-01
   1.4805E-01   7.8788E+00   3.4730E+00   4.4058E+00   5.5920E-01
   1.4840E-01   7.8800E+00   3.4746E+00   4.4054E+00   5.5906E-01
   1.5336E-01   7.8982E+00   3.5085E+00   4.3897E+00   5.5578E-01
   1.5477E-01   7.9039E+00   3.5175E+00   4.3864E+00   5.5497E-01
   1.5482E-01   7.9041E+00   3.5178E+00   4.3863E+00   5.5494E-01
   1.5487E-01   7.9043E+00   3.5181E+00   4.3862E+00   5.5491E-01
   1.5503E-01   7.9050E+00   3.5192E+00   4.3858E+00   5.5481E-01
   1.5508E-01   7.9052E+00   3.5196E+00   4.3856E+00   5.5477E-01
   1.5513E-01   7.9054E+00   3.5200E+00   4.3854E+00   5.5473E-01
   1.5849E-01   7.9187E+00   3.5461E+00   4.3726E+00   5.5219E-01
   1.6379E-01   7.9356E+00   3.5816E+00   4.3541E+00   5.4867E-01
   1.6572E-01   7.9393E+00   3.5908E+00   4.3485E+00   5.4772E-01
   1.6577E-01   7.9394E+00   3.5910E+00   4.3483E+00   5.4769E-01
   1.6582E-01   7.9394E+00   3.5913E+00   4.3482E+00   5.4767E-01
   1.6603E-01   7.9397E+00   3.5922E+00   4.3475E+00   5.4756E-01
   1.6608E-01   7.9397E+00   3.5924E+00   4.3473E+00   5.4754E-01
   1.6613E-01   7.9398E+00   3.5926E+00   4.3472E+00   5.4752E-01
   1.6656E-01   7.9403E+00   3.5944E+00   4.3459E+00   5.4732E-01
   1.6661E-01   7.9403E+00   3.5946E+00   4.3457E+00   5.4730E-01
   1.6666E-01   7.9404E+00   3.5948E+00   4.3456E+00   5.4727E-01
   1.6927E-01   7.9418E+00   3.6020E+00   4.3398E+00   5.4645E-01
   1.7435E-01   7.9413E+00   3.6059E+00   4.3354E+00   5.4593E-01
   1.7440E-01   7.9412E+00   3.6058E+00   4.3354E+00   5.4594E-01
   1.7445E-01   7.9412E+00   3.6057E+00   4.3355E+00   5.4595E-01
   1.7465E-01   7.9409E+00   3.6052E+00   4.3357E+00   5.4599E-01
   1.7470E-01   7.9408E+00   3.6051E+00   4.3357E+00   5.4601E-01
   1.7475E-01   7.9407E+00   3.6049E+00   4.3358E+00   5.4602E-01
   1.7480E-01   7.9406E+00   3.6048E+00   4.3359E+00   5.4603E-01
   1.7485E-01   7.9405E+00   3.6046E+00   4.3359E+00   5.4605E-01
   1.7493E-01   7.9404E+00   3.6044E+00   4.3360E+00   5.4607E-01
   1.7515E-01   7.9400E+00   3.6036E+00   4.3364E+00   5.4614E-01
   1.7520E-01   7.9399E+00   3.6034E+00   4.3365E+00   5.4616E-01
   1.7525E-01   7.9398E+00   3.6033E+00   4.3366E+00   5.4618E-01
   1.7535E-01   7.9396E+00   3.6029E+00   4.3368E+00   5.4622E-01
   1.7540E-01   7.9395E+00   3.6027E+00   4.3369E+00   5.4623E-01
   1.7545E-01   7.9395E+00   3.6025E+00   4.3370E+00   5.4625E-01
   1.7932E-01   7.9356E+00   3.5768E+00   4.3588E+00   5.4927E-01
   1.7937E-01   7.9357E+00   3.5763E+00   4.3593E+00   5.4934E-01
   1.7942E-01   7.9357E+00   3.5758E+00   4.3599E+00   5.4940E-01
   1.8078E-01   7.9383E+00   3.5664E+00   4.3719E+00   5.5073E-01
   1.8141E-01   7.9396E+00   3.5628E+00   4.3768E+00   5.5126E-01
   1.8146E-01   7.9397E+00   3.5625E+00   4.3772E+00   5.5131E-01
   1.8151E-01   7.9398E+00   3.5622E+00   4.3776E+00   5.5135E-01
   1.8682E-01   7.9394E+00   3.4992E+00   4.4402E+00   5.5926E-01
   1.8690E-01   7.9396E+00   3.4981E+00   4.4416E+00   5.5942E-01
   1.8695E-01   7.9398E+00   3.4973E+00   4.4424E+00   5.5952E-01
   1.8698E-01   7.9398E+00   3.4969E+00   4.4429E+00   5.5957E-01
   1.8700E-01   7.9399E+00   3.4966E+00   4.4433E+00   5.5962E-01
   1.8703E-01   7.9400E+00   3.4962E+00   4.4438E+00   5.5967E-01
   1.8708E-01   7.9401E+00   3.4955E+00   4.4446E+00   5.5977E-01
   1.8708E-01   7.9401E+00   3.4954E+00   4.4447E+00   5.5977E-01
   1.8713E-01   7.9403E+00   3.4947E+00   4.4455E+00   5.5987E-01
   1.8718E-01   7.9404E+00   3.4940E+00   4.4464E+00   5.5997E-01
   1.9065E-01   7.9641E+00   3.4396E+00   4.5245E+00   5.6811E-01
   1.9070E-01   7.9645E+00   3.4390E+00   4.5255E+00   5.6821E-01
   1.9075E-01   7.9649E+00   3.4384E+00   4.5265E+00   5.6831E-01
   1.9085E-01   7.9656E+00   3.4371E+00   4.5285E+00   5.6851E-01
   1.9090E-01   7.9660E+00   3.4364E+00   4.5296E+00   5.6862E-01
   1.9091E-01   7.9660E+00   3.4363E+00   4.5298E+00   5.6864E-01
   1.9095E-01   7.9663E+00   3.4357E+00   4.5306E+00   5.6872E-01
   1.9096E-01   7.9664E+00   3.4356E+00   4.5308E+00   5.6874E-01
   1.9101E-01   7.9668E+00   3.4349E+00   4.5318E+00   5.6884E-01
   1.9307E-01   7.9759E+00   3.4009E+00   4.5750E+00   5.7361E-01
   1.9953E-01   8.0211E+00   3.2588E+00   4.7623E+00   5.9372E-01
   2.0620E-01   8.0829E+00   3.1213E+00   4.9616E+00   6.1384E-01
   2.1309E-01   8.2292E+00   2.9955E+00   5.2337E+00   6.3599E-01
   2.1395E-01   8.2407E+00   2.9810E+00   5.2598E+00   6.3826E-01
   2.1400E-01   8.2412E+00   2.9802E+00   5.2610E+00   6.3838E-01
   2.1405E-01   8.2417E+00   2.9794E+00   5.2623E+00   6.3849E-01
   2.1435E-01   8.2442E+00   2.9746E+00   5.2695E+00   6.3919E-01
   2.1440E-01   8.2445E+00   2.9738E+00   5.2707E+00   6.3930E-01
   2.1445E-01   8.2448E+00   2.9729E+00   5.2719E+00   6.3942E-01
   2.2022E-01   8.3069E+00   2.8893E+00   5.4176E+00   6.5219E-01
   2.2758E-01   8.4365E+00   2.8451E+00   5.5914E+00   6.6277E-01
   2.3151E-01   8.4600E+00   2.8234E+00   5.6366E+00   6.6627E-01
   2.3156E-01   8.4606E+00   2.8232E+00   5.6374E+00   6.6631E-01
   2.3161E-01   8.4612E+00   2.8231E+00   5.6381E+00   6.6635E-01
   2.3205E-01   8.4669E+00   2.8221E+00   5.6449E+00   6.6670E-01
   2.3210E-01   8.4676E+00   2.8220E+00   5.6457E+00   6.6674E-01
   2.3215E-01   8.4683E+00   2.8218E+00   5.6465E+00   6.6678E-01
   2.3225E-01   8.4698E+00   2.8216E+00   5.6482E+00   6.6686E-01
   2.3230E-01   8.4705E+00   2.8215E+00   5.6490E+00   6.6690E-01
   2.3235E-01   8.4713E+00   2.8214E+00   5.6499E+00   6.6694E-01
   2.3240E-01   8.4720E+00   2.8213E+00   5.6507E+00   6.6699E-01
   2.3245E-01   8.4728E+00   2.8212E+00   5.6516E+00   6.6703E-01
   2.3250E-01   8.4735E+00   2.8211E+00   5.6525E+00   6.6707E-01
   2.3255E-01   8.4743E+00   2.8210E+00   5.6534E+00   6.6712E-01
   2.3260E-01   8.4751E+00   2.8209E+00   5.6543E+00   6.6716E-01
   2.3265E-01   8.4759E+00   2.8207E+00   5.6552E+00   6.6720E-01
   2.3275E-01   8.4775E+00   2.8205E+00   5.6570E+00   6.6729E-01
   2.3280E-01   8.4784E+00   2.8204E+00   5.6579E+00   6.6734E-01
   2.3285E-01   8.4792E+00   2.8203E+00   5.6589E+00   6.6738E-01
   2.3290E-01   8.4800E+00   2.8202E+00   5.6598E+00   6.6743E-01
   2.3295E-01   8.4809E+00   2.8201E+00   5.6607E+00   6.6747E-01
   2.3315E-01   8.4844E+00   2.8197E+00   5.6646E+00   6.6765E-01
   2.3320E-01   8.4853E+00   2.8196E+00   5.6656E+00   6.6770E-01
   2.3325E-01   8.4862E+00   2.8196E+00   5.6666E+00   6.6775E-01
   2.3520E-01   8.5244E+00   2.8182E+00   5.7062E+00   6.6940E-01
   2.4306E-01   8.6072E+00   2.8120E+00   5.7951E+00   6.7329E-01
   2.4697E-01   8.6433E+00   2.8113E+00   5.8321E+00   6.7475E-01
   2.4698E-01   8.6435E+00   2.8113E+00   5.8322E+00   6.7475E-01
   2.4702E-01   8.6441E+00   2.8113E+00   5.8328E+00   6.7477E-01
   2.4703E-01   8.6442E+00   2.8113E+00   5.8329E+00   6.7478E-01
   2.4707E-01   8.6448E+00   2.8113E+00   5.8335E+00   6.7480E-01
   2.4708E-01   8.6449E+00   2.8113E+00   5.8336E+00   6.7480E-01
   2.5119E-01   8.7173E+00   2.8155E+00   5.9018E+00   6.7702E-01
   2.5959E-01   8.7904E+00   2.8000E+00   5.9904E+00   6.8147E-01
   2.6827E-01   8.9011E+00   2.7943E+00   6.1068E+00   6.8607E-01
   2.7724E-01   8.9477E+00   2.7752E+00   6.1725E+00   6.8984E-01
   2.8651E-01   9.0308E+00   2.7677E+00   6.2631E+00   6.9353E-01
   2.9587E-01   9.0426E+00   2.7440E+00   6.2986E+00   6.9655E-01
   2.9592E-01   9.0426E+00   2.7439E+00   6.2988E+00   6.9656E-01
   2.9597E-01   9.0427E+00   2.7438E+00   6.2990E+00   6.9658E-01
   2.9609E-01   9.0429E+00   2.7435E+00   6.2994E+00   6.9661E-01
   2.9638E-01   9.0435E+00   2.7429E+00   6.3005E+00   6.9669E-01
   2.9643E-01   9.0436E+00   2.7428E+00   6.3007E+00   6.9671E-01
   2.9648E-01   9.0437E+00   2.7427E+00   6.3009E+00   6.9672E-01
   2.9652E-01   9.0437E+00   2.7427E+00   6.3011E+00   6.9673E-01
   2.9657E-01   9.0438E+00   2.7426E+00   6.3013E+00   6.9675E-01
   2.9662E-01   9.0440E+00   2.7425E+00   6.3015E+00   6.9676E-01
   2.9676E-01   9.0443E+00   2.7422E+00   6.3021E+00   6.9681E-01
   2.9681E-01   9.0444E+00   2.7421E+00   6.3023E+00   6.9682E-01
   2.9686E-01   9.0445E+00   2.7420E+00   6.3025E+00   6.9684E-01
   2.9718E-01   9.0454E+00   2.7413E+00   6.3041E+00   6.9694E-01
   2.9723E-01   9.0455E+00   2.7412E+00   6.3043E+00   6.9695E-01
   2.9728E-01   9.0457E+00   2.7411E+00   6.3045E+00   6.9697E-01
   2.9785E-01   9.0475E+00   2.7400E+00   6.3076E+00   6.9716E-01
   2.9790E-01   9.0477E+00   2.7399E+00   6.3079E+00   6.9718E-01
   2.9795E-01   9.0479E+00   2.7398E+00   6.3082E+00   6.9719E-01
   3.0599E-01   9.0995E+00   2.7335E+00   6.3660E+00   6.9960E-01
   3.0624E-01   9.1007E+00   2.7335E+00   6.3672E+00   6.9964E-01
   3.0629E-01   9.1009E+00   2.7335E+00   6.3674E+00   6.9965E-01
   3.0634E-01   9.1011E+00   2.7335E+00   6.3677E+00   6.9966E-01
   3.0709E-01   9.1038E+00   2.7330E+00   6.3708E+00   6.9979E-01
   3.0714E-01   9.1040E+00   2.7330E+00   6.3710E+00   6.9980E-01
   3.0719E-01   9.1041E+00   2.7329E+00   6.3712E+00   6.9981E-01
   3.1315E-01   9.0957E+00   2.7136E+00   6.3821E+00   7.0166E-01
   3.1317E-01   9.0957E+00   2.7136E+00   6.3821E+00   7.0167E-01
   3.1320E-01   9.0957E+00   2.7135E+00   6.3822E+00   7.0167E-01
   3.1322E-01   9.0956E+00   2.7134E+00   6.3822E+00   7.0168E-01
   3.1325E-01   9.0956E+00   2.7134E+00   6.3822E+00   7.0168E-01
   3.1327E-01   9.0956E+00   2.7133E+00   6.3823E+00   7.0169E-01
   3.1336E-01   9.0955E+00   2.7130E+00   6.3824E+00   7.0171E-01
   3.1339E-01   9.0954E+00   2.7130E+00   6.3825E+00   7.0172E-01
   3.1341E-01   9.0954E+00   2.7129E+00   6.3825E+00   7.0173E-01
   3.1344E-01   9.0954E+00   2.7129E+00   6.3825E+00   7.0173E-01
   3.1346E-01   9.0954E+00   2.7128E+00   6.3826E+00   7.0174E-01
   3.1349E-01   9.0953E+00   2.7127E+00   6.3826E+00   7.0175E-01
   3.1364E-01   9.0952E+00   2.7123E+00   6.3828E+00   7.0178E-01
   3.1367E-01   9.0952E+00   2.7123E+00   6.3829E+00   7.0179E-01
   3.1369E-01   9.0951E+00   2.7122E+00   6.3829E+00   7.0179E-01
   3.1372E-01   9.0951E+00   2.7122E+00   6.3830E+00   7.0180E-01
   3.1374E-01   9.0951E+00   2.7121E+00   6.3830E+00   7.0181E-01
   3.1377E-01   9.0951E+00   2.7120E+00   6.3830E+00   7.0181E-01
   3.1623E-01   9.0946E+00   2.7067E+00   6.3879E+00   7.0239E-01
   3.2680E-01   9.1385E+00   2.6947E+00   6.4439E+00   7.0513E-01
   3.3420E-01   9.1311E+00   2.6754E+00   6.4557E+00   7.0700E-01
   3.3425E-01   9.1310E+00   2.6753E+00   6.4557E+00   7.0701E-01
   3.3430E-01   9.1309E+00   2.6751E+00   6.4558E+00   7.0702E-01
   3.3773E-01   9.1279E+00   2.6681E+00   6.4598E+00   7.0770E-01
   3.4660E-01   9.1534E+00   2.6559E+00   6.4975E+00   7.0985E-01
   3.4665E-01   9.1536E+00   2.6559E+00   6.4977E+00   7.0985E-01
   3.4670E-01   9.1538E+00   2.6559E+00   6.4980E+00   7.0986E-01
   3.4903E-01   9.1630E+00   2.6560E+00   6.5070E+00   7.1014E-01
   3.6070E-01   9.1464E+00   2.6302E+00   6.5162E+00   7.1244E-01
   3.6813E-01   9.1544E+00   2.6186E+00   6.5358E+00   7.1395E-01
   3.6818E-01   9.1546E+00   2.6186E+00   6.5360E+00   7.1396E-01
   3.6823E-01   9.1547E+00   2.6185E+00   6.5362E+00   7.1397E-01
   3.7115E-01   9.1635E+00   2.6174E+00   6.5462E+00   7.1437E-01
   3.7120E-01   9.1637E+00   2.6174E+00   6.5463E+00   7.1438E-01
   3.7125E-01   9.1638E+00   2.6174E+00   6.5465E+00   7.1438E-01
   3.7212E-01   9.1662E+00   2.6174E+00   6.5487E+00   7.1445E-01
   3.7214E-01   9.1663E+00   2.6175E+00   6.5488E+00   7.1445E-01
   3.7217E-01   9.1663E+00   2.6175E+00   6.5489E+00   7.1445E-01
   3.7219E-01   9.1664E+00   2.6175E+00   6.5489E+00   7.1445E-01
   3.7222E-01   9.1664E+00   2.6175E+00   6.5490E+00   7.1445E-01
   3.7224E-01   9.1665E+00   2.6175E+00   6.5490E+00   7.1445E-01
   3.7255E-01   9.1672E+00   2.6175E+00   6.5497E+00   7.1447E-01
   3.7260E-01   9.1673E+00   2.6175E+00   6.5498E+00   7.1448E-01
   3.7265E-01   9.1674E+00   2.6175E+00   6.5499E+00   7.1448E-01
   3.7276E-01   9.1677E+00   2.6175E+00   6.5502E+00   7.1449E-01
   3.7283E-01   9.1678E+00   2.6175E+00   6.5503E+00   7.1449E-01
   3.7288E-01   9.1679E+00   2.6175E+00   6.5504E+00   7.1449E-01
   3.7293E-01   9.1680E+00   2.6175E+00   6.5505E+00   7.1450E-01
   3.7339E-01   9.1688E+00   2.6175E+00   6.5513E+00   7.1453E-01
   3.7344E-01   9.1689E+00   2.6174E+00   6.5514E+00   7.1453E-01
   3.7349E-01   9.1689E+00   2.6174E+00   6.5515E+00   7.1453E-01
   3.7496E-01   9.1697E+00   2.6165E+00   6.5532E+00   7.1466E-01
   3.7501E-01   9.1696E+00   2.6165E+00   6.5532E+00   7.1466E-01
   3.7506E-01   9.1696E+00   2.6164E+00   6.5532E+00   7.1467E-01
   3.7701E-01   9.1660E+00   2.6127E+00   6.5533E+00   7.1496E-01
   3.7706E-01   9.1659E+00   2.6125E+00   6.5533E+00   7.1497E-01
   3.7711E-01   9.1657E+00   2.6124E+00   6.5533E+00   7.1498E-01
   3.7973E-01   9.1558E+00   2.6046E+00   6.5512E+00   7.1553E-01
   3.7974E-01   9.1557E+00   2.6045E+00   6.5512E+00   7.1553E-01
   3.7978E-01   9.1556E+00   2.6044E+00   6.5511E+00   7.1554E-01
   3.7979E-01   9.1555E+00   2.6044E+00   6.5511E+00   7.1554E-01
   3.7983E-01   9.1554E+00   2.6043E+00   6.5511E+00   7.1555E-01
   3.7984E-01   9.1553E+00   2.6042E+00   6.5511E+00   7.1555E-01
   3.8349E-01   9.1433E+00   2.5957E+00   6.5476E+00   7.1610E-01
   3.8354E-01   9.1432E+00   2.5957E+00   6.5475E+00   7.1611E-01
   3.8359E-01   9.1430E+00   2.5956E+00   6.5475E+00   7.1611E-01
   3.8522E-01   9.1390E+00   2.5929E+00   6.5462E+00   7.1628E-01
   3.8683E-01   9.1358E+00   2.5903E+00   6.5455E+00   7.1647E-01
   3.8688E-01   9.1357E+00   2.5902E+00   6.5455E+00   7.1647E-01
   3.8693E-01   9.1356E+00   2.5901E+00   6.5455E+00   7.1648E-01
   3.8886E-01   9.1331E+00   2.5869E+00   6.5462E+00   7.1675E-01
   3.8891E-01   9.1330E+00   2.5868E+00   6.5462E+00   7.1676E-01
   3.8896E-01   9.1330E+00   2.5867E+00   6.5462E+00   7.1677E-01
   3.9670E-01   9.1383E+00   2.5787E+00   6.5596E+00   7.1782E-01
   3.9675E-01   9.1384E+00   2.5787E+00   6.5597E+00   7.1782E-01
   3.9680E-01   9.1384E+00   2.5787E+00   6.5597E+00   7.1782E-01
   3.9696E-01   9.1386E+00   2.5787E+00   6.5600E+00   7.1783E-01
   3.9701E-01   9.1387E+00   2.5787E+00   6.5600E+00   7.1783E-01
   3.9706E-01   9.1387E+00   2.5787E+00   6.5601E+00   7.1783E-01
   3.9811E-01   9.1398E+00   2.5786E+00   6.5612E+00   7.1787E-01
   4.0123E-01   9.1387E+00   2.5773E+00   6.5614E+00   7.1798E-01
   4.0128E-01   9.1386E+00   2.5772E+00   6.5614E+00   7.1799E-01
   4.0133E-01   9.1385E+00   2.5771E+00   6.5614E+00   7.1799E-01
   4.0681E-01   9.1159E+00   2.5635E+00   6.5524E+00   7.1879E-01
   4.0686E-01   9.1156E+00   2.5634E+00   6.5523E+00   7.1880E-01
   4.0691E-01   9.1154E+00   2.5632E+00   6.5522E+00   7.1880E-01
   4.0759E-01   9.1122E+00   2.5615E+00   6.5507E+00   7.1890E-01
   4.0764E-01   9.1120E+00   2.5613E+00   6.5506E+00   7.1891E-01
   4.0769E-01   9.1117E+00   2.5612E+00   6.5505E+00   7.1891E-01
   4.1012E-01   9.1015E+00   2.5561E+00   6.5454E+00   7.1916E-01
   4.1017E-01   9.1014E+00   2.5560E+00   6.5453E+00   7.1916E-01
   4.1022E-01   9.1012E+00   2.5559E+00   6.5452E+00   7.1916E-01
   4.1142E-01   9.0967E+00   2.5539E+00   6.5428E+00   7.1925E-01
   4.2518E-01   9.0760E+00   2.5367E+00   6.5393E+00   7.2051E-01
   4.3399E-01   9.0486E+00   2.5244E+00   6.5241E+00   7.2101E-01
   4.3404E-01   9.0483E+00   2.5243E+00   6.5240E+00   7.2102E-01
   4.3409E-01   9.0480E+00   2.5241E+00   6.5239E+00   7.2103E-01
   4.3627E-01   9.0359E+00   2.5185E+00   6.5174E+00   7.2128E-01
   4.3632E-01   9.0357E+00   2.5184E+00   6.5173E+00   7.2129E-01
   4.3637E-01   9.0354E+00   2.5183E+00   6.5171E+00   7.2129E-01
   4.3940E-01   9.0207E+00   2.5124E+00   6.5083E+00   7.2148E-01
   4.5409E-01   8.9832E+00   2.4927E+00   6.4905E+00   7.2251E-01
   4.6189E-01   8.9637E+00   2.4864E+00   6.4773E+00   7.2261E-01
   4.6194E-01   8.9635E+00   2.4863E+00   6.4771E+00   7.2262E-01
   4.6199E-01   8.9632E+00   2.4862E+00   6.4770E+00   7.2262E-01
   4.6211E-01   8.9626E+00   2.4860E+00   6.4767E+00   7.2263E-01
   4.6216E-01   8.9624E+00   2.4859E+00   6.4765E+00   7.2263E-01
   4.6221E-01   8.9621E+00   2.4857E+00   6.4764E+00   7.2264E-01
   4.6281E-01   8.9589E+00   2.4843E+00   6.4745E+00   7.2269E-01
   4.6286E-01   8.9586E+00   2.4842E+00   6.4744E+00   7.2270E-01
   4.6291E-01   8.9583E+00   2.4841E+00   6.4742E+00   7.2271E-01
   4.6928E-01   8.9224E+00   2.4692E+00   6.4533E+00   7.2326E-01
   4.8497E-01   8.8701E+00   2.4473E+00   6.4227E+00   7.2409E-01
   4.8608E-01   8.8683E+00   2.4467E+00   6.4216E+00   7.2411E-01
   4.8613E-01   8.8682E+00   2.4467E+00   6.4216E+00   7.2411E-01
   4.8618E-01   8.8682E+00   2.4467E+00   6.4215E+00   7.2411E-01
   4.9321E-01   8.8509E+00   2.4424E+00   6.4085E+00   7.2405E-01
   4.9326E-01   8.8507E+00   2.4424E+00   6.4084E+00   7.2405E-01
   4.9331E-01   8.8505E+00   2.4423E+00   6.4082E+00   7.2405E-01
   4.9584E-01   8.8378E+00   2.4374E+00   6.4004E+00   7.2421E-01
   4.9589E-01   8.8376E+00   2.4373E+00   6.4003E+00   7.2421E-01
   4.9594E-01   8.8373E+00   2.4372E+00   6.4001E+00   7.2422E-01
   5.0062E-01   8.8102E+00   2.4263E+00   6.3839E+00   7.2461E-01
   5.0067E-01   8.8099E+00   2.4262E+00   6.3838E+00   7.2461E-01
   5.0072E-01   8.8097E+00   2.4261E+00   6.3836E+00   7.2461E-01
   5.0119E-01   8.8071E+00   2.4252E+00   6.3820E+00   7.2464E-01
   5.1795E-01   8.7435E+00   2.4016E+00   6.3419E+00   7.2533E-01
   5.1974E-01   8.7400E+00   2.4003E+00   6.3397E+00   7.2537E-01
   5.1979E-01   8.7399E+00   2.4003E+00   6.3397E+00   7.2537E-01
   5.1984E-01   8.7398E+00   2.4002E+00   6.3396E+00   7.2537E-01
   5.1999E-01   8.7395E+00   2.4001E+00   6.3394E+00   7.2537E-01
   5.2004E-01   8.7394E+00   2.4001E+00   6.3393E+00   7.2537E-01
   5.2009E-01   8.7393E+00   2.4001E+00   6.3393E+00   7.2537E-01
   5.3527E-01   8.6799E+00   2.3811E+00   6.2988E+00   7.2568E-01
   5.5317E-01   8.6059E+00   2.3559E+00   6.2500E+00   7.2625E-01
   5.5768E-01   8.5963E+00   2.3525E+00   6.2439E+00   7.2634E-01
   5.5773E-01   8.5962E+00   2.3525E+00   6.2438E+00   7.2634E-01
   5.5778E-01   8.5961E+00   2.3524E+00   6.2437E+00   7.2634E-01
   5.7167E-01   8.5450E+00   2.3373E+00   6.2077E+00   7.2647E-01
   5.7541E-01   8.5251E+00   2.3303E+00   6.1948E+00   7.2665E-01
   5.7546E-01   8.5248E+00   2.3302E+00   6.1946E+00   7.2665E-01
   5.7551E-01   8.5246E+00   2.3301E+00   6.1944E+00   7.2666E-01
   5.9078E-01   8.4630E+00   2.3105E+00   6.1525E+00   7.2699E-01
   6.1054E-01   8.4038E+00   2.2938E+00   6.1100E+00   7.2705E-01
   6.2998E-01   8.3172E+00   2.2667E+00   6.0504E+00   7.2747E-01
   6.3003E-01   8.3170E+00   2.2667E+00   6.0503E+00   7.2747E-01
   6.3008E-01   8.3168E+00   2.2666E+00   6.0502E+00   7.2747E-01
   6.3096E-01   8.3140E+00   2.2656E+00   6.0484E+00   7.2750E-01
   6.3116E-01   8.3134E+00   2.2653E+00   6.0480E+00   7.2751E-01
   6.3121E-01   8.3132E+00   2.2653E+00   6.0479E+00   7.2751E-01
   6.3126E-01   8.3131E+00   2.2652E+00   6.0478E+00   7.2751E-01
   6.3634E-01   8.2994E+00   2.2602E+00   6.0392E+00   7.2767E-01
   6.3639E-01   8.2992E+00   2.2601E+00   6.0391E+00   7.2767E-01
   6.3644E-01   8.2991E+00   2.2601E+00   6.0390E+00   7.2767E-01
   6.3930E-01   8.2927E+00   2.2581E+00   6.0345E+00   7.2769E-01
   6.3935E-01   8.2926E+00   2.2581E+00   6.0345E+00   7.2769E-01
   6.3940E-01   8.2925E+00   2.2581E+00   6.0344E+00   7.2769E-01
   6.5206E-01   8.2557E+00   2.2500E+00   6.0057E+00   7.2746E-01
   6.5285E-01   8.2521E+00   2.2488E+00   6.0032E+00   7.2748E-01
   6.5290E-01   8.2518E+00   2.2487E+00   6.0031E+00   7.2749E-01
   6.5295E-01   8.2516E+00   2.2487E+00   6.0029E+00   7.2749E-01
   6.5476E-01   8.2428E+00   2.2456E+00   5.9972E+00   7.2757E-01
   6.5481E-01   8.2426E+00   2.2455E+00   5.9970E+00   7.2757E-01
   6.5486E-01   8.2423E+00   2.2455E+00   5.9969E+00   7.2757E-01
   6.5623E-01   8.2355E+00   2.2430E+00   5.9924E+00   7.2764E-01
   6.5628E-01   8.2352E+00   2.2430E+00   5.9923E+00   7.2764E-01
   6.5633E-01   8.2350E+00   2.2429E+00   5.9921E+00   7.2764E-01
   6.5829E-01   8.2253E+00   2.2395E+00   5.9858E+00   7.2772E-01
   6.5834E-01   8.2251E+00   2.2395E+00   5.9856E+00   7.2773E-01
   6.5839E-01   8.2248E+00   2.2394E+00   5.9854E+00   7.2773E-01
   6.7160E-01   8.1692E+00   2.2237E+00   5.9455E+00   7.2779E-01
   6.7165E-01   8.1690E+00   2.2237E+00   5.9454E+00   7.2779E-01
   6.7170E-01   8.1688E+00   2.2236E+00   5.9452E+00   7.2779E-01
   6.7303E-01   8.1642E+00   2.2222E+00   5.9420E+00   7.2782E-01
   6.7308E-01   8.1640E+00   2.2221E+00   5.9419E+00   7.2782E-01
   6.7313E-01   8.1638E+00   2.2220E+00   5.9418E+00   7.2782E-01
   6.7386E-01   8.1613E+00   2.2212E+00   5.9401E+00   7.2783E-01
   6.9640E-01   8.1035E+00   2.2062E+00   5.8973E+00   7.2774E-01
   7.1969E-01   8.0070E+00   2.1777E+00   5.8293E+00   7.2803E-01
   7.3194E-01   7.9729E+00   2.1667E+00   5.8062E+00   7.2825E-01
   7.3199E-01   7.9728E+00   2.1666E+00   5.8062E+00   7.2825E-01
   7.3204E-01   7.9727E+00   2.1666E+00   5.8061E+00   7.2825E-01
   7.3213E-01   7.9725E+00   2.1665E+00   5.8059E+00   7.2825E-01
   7.3218E-01   7.9724E+00   2.1665E+00   5.8059E+00   7.2825E-01
   7.3223E-01   7.9723E+00   2.1665E+00   5.8058E+00   7.2825E-01
   7.3291E-01   7.9708E+00   2.1661E+00   5.8047E+00   7.2825E-01
   7.3296E-01   7.9707E+00   2.1660E+00   5.8047E+00   7.2825E-01
   7.3301E-01   7.9706E+00   2.1660E+00   5.8046E+00   7.2825E-01
   7.3302E-01   7.9706E+00   2.1660E+00   5.8046E+00   7.2825E-01
   7.3307E-01   7.9705E+00   2.1660E+00   5.8045E+00   7.2825E-01
   7.3312E-01   7.9704E+00   2.1660E+00   5.8044E+00   7.2825E-01
   7.4375E-01   7.9470E+00   2.1620E+00   5.7850E+00   7.2795E-01
   7.6862E-01   7.8511E+00   2.1346E+00   5.7166E+00   7.2812E-01
   7.9433E-01   7.7873E+00   2.1175E+00   5.6698E+00   7.2808E-01
   8.2089E-01   7.6951E+00   2.0917E+00   5.6034E+00   7.2817E-01
   8.4834E-01   7.6273E+00   2.0728E+00   5.5545E+00   7.2823E-01
   8.5449E-01   7.6147E+00   2.0710E+00   5.5437E+00   7.2803E-01
   8.5454E-01   7.6146E+00   2.0710E+00   5.5436E+00   7.2803E-01
   8.5459E-01   7.6145E+00   2.0709E+00   5.5435E+00   7.2803E-01
   8.5979E-01   7.6000E+00   2.0675E+00   5.5325E+00   7.2796E-01
   8.5984E-01   7.5998E+00   2.0675E+00   5.5324E+00   7.2796E-01
   8.5989E-01   7.5997E+00   2.0674E+00   5.5323E+00   7.2796E-01
   8.6645E-01   7.5764E+00   2.0600E+00   5.5164E+00   7.2810E-01
   8.6650E-01   7.5763E+00   2.0600E+00   5.5163E+00   7.2810E-01
   8.6655E-01   7.5761E+00   2.0599E+00   5.5162E+00   7.2810E-01
   8.7267E-01   7.5538E+00   2.0529E+00   5.5009E+00   7.2822E-01
   8.7272E-01   7.5536E+00   2.0529E+00   5.5007E+00   7.2823E-01
   8.7277E-01   7.5535E+00   2.0528E+00   5.5006E+00   7.2823E-01
   8.7500E-01   7.5459E+00   2.0507E+00   5.4951E+00   7.2823E-01
   8.7505E-01   7.5457E+00   2.0507E+00   5.4950E+00   7.2823E-01
   8.7510E-01   7.5455E+00   2.0506E+00   5.4949E+00   7.2823E-01
   8.7671E-01   7.5402E+00   2.0493E+00   5.4909E+00   7.2822E-01
   8.8334E-01   7.5195E+00   2.0441E+00   5.4754E+00   7.2816E-01
   8.8339E-01   7.5194E+00   2.0441E+00   5.4753E+00   7.2816E-01
   8.8344E-01   7.5192E+00   2.0441E+00   5.4752E+00   7.2816E-01
   8.8623E-01   7.5111E+00   2.0419E+00   5.4692E+00   7.2815E-01
   8.8628E-01   7.5110E+00   2.0419E+00   5.4691E+00   7.2815E-01
   8.8633E-01   7.5108E+00   2.0418E+00   5.4690E+00   7.2815E-01
   9.0144E-01   7.4756E+00   2.0310E+00   5.4446E+00   7.2832E-01
   9.0149E-01   7.4755E+00   2.0309E+00   5.4446E+00   7.2832E-01
   9.0154E-01   7.4754E+00   2.0309E+00   5.4445E+00   7.2832E-01
   9.0603E-01   7.4674E+00   2.0289E+00   5.4385E+00   7.2830E-01
   9.0684E-01   7.4660E+00   2.0286E+00   5.4374E+00   7.2829E-01
   9.0689E-01   7.4660E+00   2.0286E+00   5.4374E+00   7.2829E-01
   9.0694E-01   7.4659E+00   2.0286E+00   5.4373E+00   7.2829E-01
   9.2285E-01   7.4312E+00   2.0216E+00   5.4096E+00   7.2796E-01
   9.2290E-01   7.4310E+00   2.0215E+00   5.4095E+00   7.2796E-01
   9.2295E-01   7.4309E+00   2.0215E+00   5.4094E+00   7.2796E-01
   9.3633E-01   7.3864E+00   2.0075E+00   5.3789E+00   7.2822E-01
   9.5305E-01   7.3389E+00   1.9950E+00   5.3439E+00   7.2816E-01
   9.5310E-01   7.3388E+00   1.9950E+00   5.3438E+00   7.2816E-01
   9.5315E-01   7.3387E+00   1.9950E+00   5.3437E+00   7.2816E-01
   9.5455E-01   7.3353E+00   1.9939E+00   5.3413E+00   7.2817E-01
   9.5460E-01   7.3352E+00   1.9939E+00   5.3413E+00   7.2817E-01
   9.5465E-01   7.3350E+00   1.9939E+00   5.3412E+00   7.2817E-01
   9.6764E-01   7.3089E+00   1.9857E+00   5.3232E+00   7.2832E-01
   9.8105E-01   7.2864E+00   1.9816E+00   5.3049E+00   7.2805E-01
   9.8110E-01   7.2863E+00   1.9816E+00   5.3048E+00   7.2804E-01
   9.8115E-01   7.2862E+00   1.9815E+00   5.3047E+00   7.2804E-01
   9.8236E-01   7.2838E+00   1.9811E+00   5.3027E+00   7.2801E-01
   9.8241E-01   7.2837E+00   1.9811E+00   5.3026E+00   7.2801E-01
   9.8246E-01   7.2836E+00   1.9811E+00   5.3026E+00   7.2801E-01
   9.8498E-01   7.2782E+00   1.9800E+00   5.2982E+00   7.2796E-01
   9.8503E-01   7.2780E+00   1.9799E+00   5.2981E+00   7.2796E-01
   9.8508E-01   7.2779E+00   1.9799E+00   5.2980E+00   7.2796E-01
   1.0000E+00   7.2343E+00   1.9666E+00   5.2676E+00   7.2815E-01
   1.0049E+00   7.2196E+00   1.9623E+00   5.2572E+00   7.2819E-01
   1.0049E+00   7.2194E+00   1.9623E+00   5.2571E+00   7.2819E-01
   1.0050E+00   7.2193E+00   1.9623E+00   5.2570E+00   7.2819E-01
   1.0286E+00   7.1609E+00   1.9465E+00   5.2144E+00   7.2818E-01
   1.0287E+00   7.1608E+00   1.9465E+00   5.2143E+00   7.2818E-01
   1.0287E+00   7.1607E+00   1.9464E+00   5.2143E+00   7.2818E-01
   1.0320E+00   7.1546E+00   1.9445E+00   5.2101E+00   7.2822E-01
   1.0320E+00   7.1545E+00   1.9445E+00   5.2100E+00   7.2822E-01
   1.0321E+00   7.1544E+00   1.9444E+00   5.2100E+00   7.2822E-01
   1.0334E+00   7.1521E+00   1.9437E+00   5.2083E+00   7.2823E-01
   1.0336E+00   7.1518E+00   1.9436E+00   5.2082E+00   7.2823E-01
   1.0336E+00   7.1517E+00   1.9436E+00   5.2081E+00   7.2823E-01
   1.0337E+00   7.1516E+00   1.9436E+00   5.2081E+00   7.2823E-01
   1.0373E+00   7.1457E+00   1.9419E+00   5.2038E+00   7.2825E-01
   1.0373E+00   7.1456E+00   1.9418E+00   5.2038E+00   7.2825E-01
   1.0374E+00   7.1456E+00   1.9418E+00   5.2037E+00   7.2825E-01
   1.0397E+00   7.1419E+00   1.9409E+00   5.2010E+00   7.2824E-01
   1.0398E+00   7.1418E+00   1.9409E+00   5.2010E+00   7.2824E-01
   1.0398E+00   7.1418E+00   1.9409E+00   5.2009E+00   7.2824E-01
   1.0407E+00   7.1405E+00   1.9406E+00   5.1999E+00   7.2823E-01
   1.0407E+00   7.1404E+00   1.9406E+00   5.1998E+00   7.2823E-01
   1.0407E+00   7.1404E+00   1.9405E+00   5.1998E+00   7.2823E-01
   1.0408E+00   7.1403E+00   1.9405E+00   5.1998E+00   7.2823E-01
   1.0408E+00   7.1403E+00   1.9405E+00   5.1998E+00   7.2823E-01
   1.0408E+00   7.1402E+00   1.9405E+00   5.1997E+00   7.2823E-01
   1.0507E+00   7.1250E+00   1.9381E+00   5.1870E+00   7.2799E-01
   1.0507E+00   7.1250E+00   1.9381E+00   5.1869E+00   7.2799E-01
   1.0508E+00   7.1249E+00   1.9380E+00   5.1868E+00   7.2799E-01
   1.0680E+00   7.0836E+00   1.9271E+00   5.1565E+00   7.2795E-01
   1.0938E+00   7.0173E+00   1.9089E+00   5.1084E+00   7.2797E-01
   1.0938E+00   7.0172E+00   1.9089E+00   5.1083E+00   7.2797E-01
   1.0939E+00   7.0171E+00   1.9088E+00   5.1082E+00   7.2797E-01
   1.1037E+00   6.9975E+00   1.9029E+00   5.0945E+00   7.2805E-01
   1.1406E+00   6.9342E+00   1.8880E+00   5.0462E+00   7.2773E-01
   1.1788E+00   6.8453E+00   1.8628E+00   4.9824E+00   7.2787E-01
   1.2182E+00   6.7852E+00   1.8486E+00   4.9366E+00   7.2755E-01
   1.2589E+00   6.6953E+00   1.8239E+00   4.8714E+00   7.2758E-01
   1.2818E+00   6.6616E+00   1.8147E+00   4.8470E+00   7.2760E-01
   1.2818E+00   6.6616E+00   1.8146E+00   4.8469E+00   7.2759E-01
   1.2819E+00   6.6615E+00   1.8146E+00   4.8469E+00   7.2759E-01
   1.3010E+00   6.6366E+00   1.8108E+00   4.8257E+00   7.2714E-01
   1.3445E+00   6.5493E+00   1.7879E+00   4.7614E+00   7.2700E-01
   1.3895E+00   6.4896E+00   1.7742E+00   4.7154E+00   7.2661E-01
   1.4360E+00   6.4052E+00   1.7526E+00   4.6526E+00   7.2638E-01
   1.4840E+00   6.3430E+00   1.7376E+00   4.6054E+00   7.2606E-01
   1.5336E+00   6.2641E+00   1.7181E+00   4.5461E+00   7.2573E-01
   1.5700E+00   6.2139E+00   1.7051E+00   4.5087E+00   7.2559E-01
   1.5701E+00   6.2138E+00   1.7051E+00   4.5087E+00   7.2559E-01
   1.5701E+00   6.2138E+00   1.7051E+00   4.5087E+00   7.2559E-01
   1.5849E+00   6.1991E+00   1.7018E+00   4.4972E+00   7.2547E-01
   1.5880E+00   6.1961E+00   1.7014E+00   4.4947E+00   7.2541E-01
   1.5881E+00   6.1961E+00   1.7014E+00   4.4947E+00   7.2541E-01
   1.5881E+00   6.1960E+00   1.7014E+00   4.4947E+00   7.2541E-01
   1.6109E+00   6.1692E+00   1.6965E+00   4.4727E+00   7.2501E-01
   1.6109E+00   6.1691E+00   1.6965E+00   4.4727E+00   7.2501E-01
   1.6110E+00   6.1690E+00   1.6964E+00   4.4726E+00   7.2501E-01
   1.6379E+00   6.1248E+00   1.6838E+00   4.4410E+00   7.2508E-01
   1.6407E+00   6.1205E+00   1.6827E+00   4.4377E+00   7.2506E-01
   1.6407E+00   6.1204E+00   1.6827E+00   4.4377E+00   7.2506E-01
   1.6408E+00   6.1203E+00   1.6827E+00   4.4376E+00   7.2506E-01
   1.6806E+00   6.0683E+00   1.6696E+00   4.3987E+00   7.2487E-01
   1.6806E+00   6.0682E+00   1.6696E+00   4.3987E+00   7.2487E-01
   1.6807E+00   6.0682E+00   1.6695E+00   4.3986E+00   7.2487E-01
   1.6927E+00   6.0568E+00   1.6667E+00   4.3900E+00   7.2481E-01
   1.7362E+00   6.0080E+00   1.6567E+00   4.3514E+00   7.2425E-01
   1.7362E+00   6.0080E+00   1.6567E+00   4.3513E+00   7.2425E-01
   1.7363E+00   6.0079E+00   1.6566E+00   4.3512E+00   7.2425E-01
   1.7493E+00   5.9879E+00   1.6508E+00   4.3370E+00   7.2430E-01
   1.8078E+00   5.9171E+00   1.6336E+00   4.2835E+00   7.2393E-01
   1.8174E+00   5.9090E+00   1.6320E+00   4.2770E+00   7.2382E-01
   1.8174E+00   5.9089E+00   1.6319E+00   4.2770E+00   7.2382E-01
   1.8175E+00   5.9089E+00   1.6319E+00   4.2769E+00   7.2382E-01
   1.8682E+00   5.8529E+00   1.6203E+00   4.2326E+00   7.2316E-01
   1.8751E+00   5.8434E+00   1.6177E+00   4.2257E+00   7.2315E-01
   1.8751E+00   5.8433E+00   1.6177E+00   4.2256E+00   7.2315E-01
   1.8752E+00   5.8432E+00   1.6177E+00   4.2256E+00   7.2315E-01
   1.9307E+00   5.7799E+00   1.6027E+00   4.1772E+00   7.2271E-01
   1.9445E+00   5.7686E+00   1.6003E+00   4.1684E+00   7.2259E-01
   1.9446E+00   5.7686E+00   1.6003E+00   4.1683E+00   7.2259E-01
   1.9446E+00   5.7686E+00   1.6003E+00   4.1683E+00   7.2259E-01
   1.9953E+00   5.7203E+00   1.5912E+00   4.1291E+00   7.2184E-01
   2.0620E+00   5.6459E+00   1.5732E+00   4.0727E+00   7.2135E-01
   2.1309E+00   5.5892E+00   1.5626E+00   4.0265E+00   7.2042E-01
   2.1655E+00   5.5495E+00   1.5526E+00   3.9969E+00   7.2023E-01
   2.1655E+00   5.5494E+00   1.5526E+00   3.9968E+00   7.2023E-01
   2.1656E+00   5.5494E+00   1.5526E+00   3.9968E+00   7.2023E-01
   2.2022E+00   5.5134E+00   1.5447E+00   3.9687E+00   7.1982E-01
   2.2758E+00   5.4588E+00   1.5349E+00   3.9239E+00   7.1882E-01
   2.3520E+00   5.3839E+00   1.5172E+00   3.8667E+00   7.1819E-01
   2.4306E+00   5.3297E+00   1.5074E+00   3.8223E+00   7.1717E-01
   2.5119E+00   5.2555E+00   1.4904E+00   3.7651E+00   7.1641E-01
   2.5636E+00   5.2203E+00   1.4830E+00   3.7373E+00   7.1591E-01
   2.5636E+00   5.2202E+00   1.4830E+00   3.7372E+00   7.1591E-01
   2.5636E+00   5.2202E+00   1.4830E+00   3.7372E+00   7.1591E-01
   2.5959E+00   5.2010E+00   1.4807E+00   3.7203E+00   7.1531E-01
   2.6119E+00   5.1893E+00   1.4786E+00   3.7107E+00   7.1507E-01
   2.6119E+00   5.1892E+00   1.4786E+00   3.7106E+00   7.1507E-01
   2.6120E+00   5.1892E+00   1.4786E+00   3.7106E+00   7.1506E-01
   2.6252E+00   5.1781E+00   1.4760E+00   3.7021E+00   7.1495E-01
   2.6252E+00   5.1780E+00   1.4760E+00   3.7020E+00   7.1495E-01
   2.6253E+00   5.1780E+00   1.4760E+00   3.7020E+00   7.1495E-01
   2.6744E+00   5.1360E+00   1.4663E+00   3.6697E+00   7.1451E-01
   2.6744E+00   5.1359E+00   1.4663E+00   3.6697E+00   7.1451E-01
   2.6745E+00   5.1359E+00   1.4663E+00   3.6696E+00   7.1451E-01
   2.6827E+00   5.1295E+00   1.4650E+00   3.6645E+00   7.1440E-01
   2.7574E+00   5.0827E+00   1.4558E+00   3.6269E+00   7.1357E-01
   2.7575E+00   5.0827E+00   1.4558E+00   3.6269E+00   7.1357E-01
   2.7576E+00   5.0827E+00   1.4558E+00   3.6268E+00   7.1357E-01
   2.7724E+00   5.0743E+00   1.4549E+00   3.6194E+00   7.1328E-01
   2.8651E+00   5.0045E+00   1.4404E+00   3.5642E+00   7.1219E-01
   2.8721E+00   4.9995E+00   1.4394E+00   3.5601E+00   7.1210E-01
   2.8722E+00   4.9995E+00   1.4394E+00   3.5601E+00   7.1209E-01
   2.8723E+00   4.9994E+00   1.4394E+00   3.5601E+00   7.1209E-01
   2.9609E+00   4.9480E+00   1.4301E+00   3.5179E+00   7.1097E-01
   3.0384E+00   4.8960E+00   1.4197E+00   3.4763E+00   7.1002E-01
   3.0384E+00   4.8959E+00   1.4197E+00   3.4762E+00   7.1002E-01
   3.0385E+00   4.8959E+00   1.4197E+00   3.4762E+00   7.1002E-01
   3.0599E+00   4.8808E+00   1.4166E+00   3.4642E+00   7.0977E-01
   3.1623E+00   4.8236E+00   1.4070E+00   3.4166E+00   7.0830E-01
   3.2680E+00   4.7586E+00   1.3959E+00   3.3626E+00   7.0665E-01
   3.2961E+00   4.7414E+00   1.3926E+00   3.3488E+00   7.0628E-01
   3.2961E+00   4.7414E+00   1.3926E+00   3.3487E+00   7.0628E-01
   3.2962E+00   4.7413E+00   1.3926E+00   3.3487E+00   7.0628E-01
   3.3773E+00   4.7004E+00   1.3854E+00   3.3150E+00   7.0526E-01
   3.4903E+00   4.6363E+00   1.3727E+00   3.2636E+00   7.0393E-01
   3.6070E+00   4.5774E+00   1.3609E+00   3.2165E+00   7.0270E-01
   3.7276E+00   4.5143E+00   1.3482E+00   3.1661E+00   7.0135E-01
   3.7395E+00   4.5077E+00   1.3467E+00   3.1610E+00   7.0124E-01
   3.7395E+00   4.5077E+00   1.3467E+00   3.1610E+00   7.0124E-01
   3.7396E+00   4.5077E+00   1.3467E+00   3.1609E+00   7.0124E-01
   3.8522E+00   4.4547E+00   1.3359E+00   3.1188E+00   7.0011E-01
   3.9064E+00   4.4312E+00   1.3323E+00   3.0989E+00   6.9934E-01
   3.9065E+00   4.4311E+00   1.3323E+00   3.0989E+00   6.9934E-01
   3.9066E+00   4.4311E+00   1.3323E+00   3.0989E+00   6.9934E-01
   3.9811E+00   4.3915E+00   1.3233E+00   3.0683E+00   6.9867E-01
   4.0198E+00   4.3721E+00   1.3192E+00   3.0529E+00   6.9828E-01
   4.0198E+00   4.3721E+00   1.3192E+00   3.0529E+00   6.9828E-01
   4.0198E+00   4.3720E+00   1.3192E+00   3.0529E+00   6.9828E-01
   4.0511E+00   4.3575E+00   1.3161E+00   3.0414E+00   6.9798E-01
   4.0512E+00   4.3574E+00   1.3161E+00   3.0414E+00   6.9798E-01
   4.0513E+00   4.3574E+00   1.3160E+00   3.0414E+00   6.9798E-01
   4.1142E+00   4.3314E+00   1.3110E+00   3.0204E+00   6.9732E-01
   4.1696E+00   4.3084E+00   1.3071E+00   3.0013E+00   6.9663E-01
   4.1697E+00   4.3084E+00   1.3071E+00   3.0013E+00   6.9662E-01
   4.1698E+00   4.3083E+00   1.3070E+00   3.0013E+00   6.9662E-01
   4.2518E+00   4.2674E+00   1.2971E+00   2.9703E+00   6.9604E-01
   4.3753E+00   4.2137E+00   1.2849E+00   2.9288E+00   6.9507E-01
   4.3753E+00   4.2137E+00   1.2849E+00   2.9288E+00   6.9507E-01
   4.3754E+00   4.2137E+00   1.2849E+00   2.9288E+00   6.9507E-01
   4.3940E+00   4.2067E+00   1.2836E+00   2.9231E+00   6.9487E-01
   4.5409E+00   4.1411E+00   1.2701E+00   2.8710E+00   6.9329E-01
   4.6524E+00   4.0942E+00   1.2604E+00   2.8338E+00   6.9215E-01
   4.6525E+00   4.0942E+00   1.2604E+00   2.8338E+00   6.9215E-01
   4.6526E+00   4.0942E+00   1.2604E+00   2.8338E+00   6.9215E-01
   4.6711E+00   4.0872E+00   1.2591E+00   2.8281E+00   6.9193E-01
   4.6712E+00   4.0872E+00   1.2591E+00   2.8281E+00   6.9193E-01
   4.6713E+00   4.0872E+00   1.2591E+00   2.8280E+00   6.9193E-01
   4.6928E+00   4.0792E+00   1.2579E+00   2.8214E+00   6.9164E-01
   4.8497E+00   4.0116E+00   1.2452E+00   2.7665E+00   6.8961E-01
   5.0119E+00   3.9481E+00   1.2351E+00   2.7130E+00   6.8718E-01
   5.1273E+00   3.8994E+00   1.2276E+00   2.6718E+00   6.8519E-01
   5.1273E+00   3.8994E+00   1.2276E+00   2.6718E+00   6.8519E-01
   5.1273E+00   3.8993E+00   1.2275E+00   2.6718E+00   6.8519E-01
   5.1795E+00   3.8774E+00   1.2242E+00   2.6532E+00   6.8427E-01
   5.3527E+00   3.8104E+00   1.2181E+00   2.5923E+00   6.8033E-01
   5.5317E+00   3.7372E+00   1.2096E+00   2.5277E+00   6.7634E-01
   5.7099E+00   3.6681E+00   1.2064E+00   2.4617E+00   6.7112E-01
   5.7099E+00   3.6680E+00   1.2064E+00   2.4617E+00   6.7112E-01
   5.7100E+00   3.6680E+00   1.2064E+00   2.4617E+00   6.7112E-01
   5.7167E+00   3.6652E+00   1.2062E+00   2.4590E+00   6.7091E-01
   5.9066E+00   3.5883E+00   1.2015E+00   2.3868E+00   6.6516E-01
   5.9066E+00   3.5882E+00   1.2015E+00   2.3867E+00   6.6516E-01
   5.9066E+00   3.5882E+00   1.2015E+00   2.3867E+00   6.6515E-01
   5.9078E+00   3.5878E+00   1.2015E+00   2.3863E+00   6.6511E-01
   5.9552E+00   3.5692E+00   1.2012E+00   2.3679E+00   6.6345E-01
   5.9552E+00   3.5692E+00   1.2012E+00   2.3679E+00   6.6344E-01
   5.9553E+00   3.5691E+00   1.2012E+00   2.3679E+00   6.6344E-01
   6.1054E+00   3.5083E+00   1.1995E+00   2.3089E+00   6.5811E-01
   6.2902E+00   3.4327E+00   1.1948E+00   2.2380E+00   6.5195E-01
   6.2902E+00   3.4327E+00   1.1948E+00   2.2379E+00   6.5195E-01
   6.2903E+00   3.4327E+00   1.1948E+00   2.2379E+00   6.5194E-01
   6.3096E+00   3.4248E+00   1.1943E+00   2.2305E+00   6.5128E-01
   6.5206E+00   3.3326E+00   1.1842E+00   2.1484E+00   6.4465E-01
   6.7386E+00   3.2287E+00   1.1693E+00   2.0594E+00   6.3784E-01
   6.7701E+00   3.2121E+00   1.1666E+00   2.0455E+00   6.3680E-01
   6.7701E+00   3.2121E+00   1.1666E+00   2.0454E+00   6.3680E-01
   6.7702E+00   3.2120E+00   1.1666E+00   2.0454E+00   6.3679E-01
   6.9640E+00   3.1050E+00   1.1503E+00   1.9547E+00   6.2955E-01
   7.1969E+00   2.9516E+00   1.1431E+00   1.8086E+00   6.1273E-01
   7.4375E+00   2.7601E+00   1.1805E+00   1.5796E+00   5.7231E-01
   7.4578E+00   2.7425E+00   1.1849E+00   1.5577E+00   5.6796E-01
   7.4578E+00   2.7425E+00   1.1849E+00   1.5576E+00   5.6795E-01
   7.4579E+00   2.7425E+00   1.1849E+00   1.5575E+00   5.6794E-01
   7.5005E+00   2.7055E+00   1.1939E+00   1.5116E+00   5.5872E-01
   7.5005E+00   2.7054E+00   1.1939E+00   1.5115E+00   5.5871E-01
   7.5006E+00   2.7054E+00   1.1939E+00   1.5115E+00   5.5869E-01
   7.5061E+00   2.7006E+00   1.1950E+00   1.5056E+00   5.5750E-01
   7.5061E+00   2.7005E+00   1.1950E+00   1.5055E+00   5.5749E-01
   7.5062E+00   2.7005E+00   1.1950E+00   1.5055E+00   5.5748E-01
   7.6862E+00   2.5576E+00   1.3112E+00   1.2464E+00   4.8733E-01
   7.9433E+00   2.4718E+00   1.5266E+00   9.4519E-01   3.8239E-01
   8.1526E+00   2.6373E+00   1.7493E+00   8.8798E-01   3.3670E-01
   8.1527E+00   2.6374E+00   1.7494E+00   8.8798E-01   3.3669E-01
   8.1528E+00   2.6374E+00   1.7494E+00   8.8799E-01   3.3669E-01
   8.2089E+00   2.7027E+00   1.8081E+00   8.9460E-01   3.3101E-01
   8.4834E+00   3.0358E+00   2.0552E+00   9.8059E-01   3.2301E-01
   8.6621E+00   3.2199E+00   2.1833E+00   1.0366E+00   3.2193E-01
   8.6621E+00   3.2200E+00   2.1834E+00   1.0366E+00   3.2193E-01
   8.6622E+00   3.2200E+00   2.1834E+00   1.0366E+00   3.2193E-01
   8.7576E+00   3.3316E+00   2.2590E+00   1.0726E+00   3.2195E-01
   8.7577E+00   3.3317E+00   2.2590E+00   1.0726E+00   3.2195E-01
   8.7577E+00   3.3318E+00   2.2591E+00   1.0727E+00   3.2195E-01
   8.7671E+00   3.3444E+00   2.2676E+00   1.0769E+00   3.2199E-01
   9.0603E+00   3.7942E+00   2.5617E+00   1.2325E+00   3.2483E-01
   9.3633E+00   4.2304E+00   2.8306E+00   1.3998E+00   3.3089E-01
   9.3894E+00   4.2602E+00   2.8475E+00   1.4128E+00   3.3162E-01
   9.3894E+00   4.2603E+00   2.8475E+00   1.4128E+00   3.3162E-01
   9.3895E+00   4.2604E+00   2.8475E+00   1.4128E+00   3.3162E-01
   9.6764E+00   4.4242E+00   2.9154E+00   1.5087E+00   3.4102E-01
   1.0000E+01   4.4519E+00   2.8892E+00   1.5626E+00   3.5100E-01
   1.0334E+01   4.4759E+00   2.8533E+00   1.6227E+00   3.6253E-01
   1.0500E+01   4.4556E+00   2.8066E+00   1.6489E+00   3.7008E-01
   1.0500E+01   4.4556E+00   2.8066E+00   1.6489E+00   3.7008E-01
   1.0500E+01   4.4556E+00   2.8066E+00   1.6489E+00   3.7009E-01
   1.0501E+01   4.4554E+00   2.8064E+00   1.6491E+00   3.7013E-01
   1.0501E+01   4.4554E+00   2.8063E+00   1.6491E+00   3.7013E-01
   1.0501E+01   4.4554E+00   2.8063E+00   1.6491E+00   3.7013E-01
   1.0680E+01   4.3965E+00   2.7363E+00   1.6603E+00   3.7764E-01
   1.0700E+01   4.3894E+00   2.7287E+00   1.6607E+00   3.7835E-01
   1.0700E+01   4.3894E+00   2.7287E+00   1.6607E+00   3.7835E-01
   1.0700E+01   4.3894E+00   2.7286E+00   1.6607E+00   3.7835E-01
   1.1037E+01   4.2752E+00   2.6145E+00   1.6607E+00   3.8846E-01
   1.1306E+01   4.1902E+00   2.5315E+00   1.6586E+00   3.9584E-01
   1.1306E+01   4.1902E+00   2.5315E+00   1.6586E+00   3.9584E-01
   1.1306E+01   4.1902E+00   2.5315E+00   1.6586E+00   3.9584E-01
   1.1406E+01   4.1586E+00   2.5026E+00   1.6560E+00   3.9820E-01
   1.1788E+01   4.0504E+00   2.4008E+00   1.6496E+00   4.0728E-01
   1.2000E+01   3.9864E+00   2.3417E+00   1.6446E+00   4.1256E-01
   1.2000E+01   3.9864E+00   2.3417E+00   1.6446E+00   4.1257E-01
   1.2000E+01   3.9863E+00   2.3417E+00   1.6446E+00   4.1257E-01
   1.2182E+01   3.9292E+00   2.2918E+00   1.6374E+00   4.1672E-01
   1.2368E+01   3.8747E+00   2.2466E+00   1.6281E+00   4.2019E-01
   1.2368E+01   3.8747E+00   2.2465E+00   1.6281E+00   4.2020E-01
   1.2368E+01   3.8747E+00   2.2465E+00   1.6281E+00   4.2020E-01
   1.2384E+01   3.8702E+00   2.2428E+00   1.6274E+00   4.2050E-01
   1.2384E+01   3.8702E+00   2.2428E+00   1.6274E+00   4.2050E-01
   1.2384E+01   3.8702E+00   2.2427E+00   1.6274E+00   4.2050E-01
   1.2589E+01   3.8111E+00   2.1929E+00   1.6181E+00   4.2458E-01
   1.2800E+01   3.7482E+00   2.1414E+00   1.6068E+00   4.2868E-01
   1.2800E+01   3.7482E+00   2.1414E+00   1.6068E+00   4.2868E-01
   1.2800E+01   3.7482E+00   2.1414E+00   1.6068E+00   4.2869E-01
   1.3010E+01   3.6860E+00   2.0921E+00   1.5939E+00   4.3242E-01
   1.3445E+01   3.5604E+00   1.9964E+00   1.5639E+00   4.3926E-01
   1.3895E+01   3.4262E+00   1.9108E+00   1.5155E+00   4.4231E-01
   1.4360E+01   3.3106E+00   1.8695E+00   1.4411E+00   4.3531E-01
   1.4840E+01   3.2434E+00   1.8812E+00   1.3623E+00   4.2001E-01
   1.5336E+01   3.2148E+00   1.9156E+00   1.2993E+00   4.0415E-01
   1.5600E+01   3.2116E+00   1.9390E+00   1.2727E+00   3.9627E-01
   1.5600E+01   3.2116E+00   1.9390E+00   1.2727E+00   3.9626E-01
   1.5600E+01   3.2116E+00   1.9390E+00   1.2727E+00   3.9626E-01
   1.5849E+01   3.2167E+00   1.9637E+00   1.2530E+00   3.8952E-01
   1.6205E+01   3.2351E+00   2.0020E+00   1.2331E+00   3.8116E-01
   1.6205E+01   3.2351E+00   2.0020E+00   1.2331E+00   3.8116E-01
   1.6205E+01   3.2351E+00   2.0020E+00   1.2331E+00   3.8116E-01
   1.6379E+01   3.2481E+00   2.0213E+00   1.2269E+00   3.7772E-01
   1.6927E+01   3.3044E+00   2.0808E+00   1.2236E+00   3.7030E-01
   1.7493E+01   3.3694E+00   2.1322E+00   1.2372E+00   3.6717E-01
   1.8078E+01   3.4291E+00   2.1667E+00   1.2624E+00   3.6815E-01
   1.8682E+01   3.4722E+00   2.1777E+00   1.2945E+00   3.7282E-01
   1.8713E+01   3.4740E+00   2.1778E+00   1.2962E+00   3.7310E-01
   1.8713E+01   3.4740E+00   2.1779E+00   1.2962E+00   3.7310E-01
   1.8713E+01   3.4740E+00   2.1779E+00   1.2962E+00   3.7310E-01
   1.9057E+01   3.4809E+00   2.1691E+00   1.3118E+00   3.7685E-01
   1.9057E+01   3.4809E+00   2.1691E+00   1.3118E+00   3.7685E-01
   1.9057E+01   3.4809E+00   2.1691E+00   1.3118E+00   3.7685E-01
   1.9307E+01   3.4820E+00   2.1599E+00   1.3221E+00   3.7969E-01
   1.9953E+01   3.4624E+00   2.1188E+00   1.3437E+00   3.8807E-01
   2.0620E+01   3.4185E+00   2.0696E+00   1.3489E+00   3.9459E-01
   2.1309E+01   3.3741E+00   2.0235E+00   1.3507E+00   4.0030E-01
   2.2022E+01   3.3298E+00   1.9804E+00   1.3494E+00   4.0525E-01
   2.2758E+01   3.2791E+00   1.9337E+00   1.3455E+00   4.1031E-01
   2.3520E+01   3.2309E+00   1.8924E+00   1.3385E+00   4.1427E-01
   2.4306E+01   3.1825E+00   1.8519E+00   1.3306E+00   4.1810E-01
   2.5119E+01   3.1361E+00   1.8128E+00   1.3233E+00   4.2197E-01
   2.5959E+01   3.0864E+00   1.7742E+00   1.3123E+00   4.2518E-01
   2.6827E+01   3.0376E+00   1.7362E+00   1.3014E+00   4.2845E-01
   2.7724E+01   2.9897E+00   1.6991E+00   1.2906E+00   4.3167E-01
   2.7796E+01   2.9860E+00   1.6964E+00   1.2897E+00   4.3190E-01
   2.7796E+01   2.9860E+00   1.6963E+00   1.2897E+00   4.3190E-01
   2.7796E+01   2.9860E+00   1.6963E+00   1.2897E+00   4.3190E-01
   2.8651E+01   2.9431E+00   1.6642E+00   1.2789E+00   4.3455E-01
   2.9609E+01   2.8972E+00   1.6298E+00   1.2674E+00   4.3746E-01
   3.0599E+01   2.8515E+00   1.5968E+00   1.2546E+00   4.4000E-01
   3.1623E+01   2.8061E+00   1.5649E+00   1.2412E+00   4.4232E-01
   3.2661E+01   2.7622E+00   1.5340E+00   1.2282E+00   4.4464E-01
   3.2661E+01   2.7622E+00   1.5340E+00   1.2282E+00   4.4465E-01
   3.2661E+01   2.7622E+00   1.5340E+00   1.2282E+00   4.4465E-01
   3.2680E+01   2.7614E+00   1.5334E+00   1.2280E+00   4.4469E-01
   3.3470E+01   2.7294E+00   1.5109E+00   1.2185E+00   4.4644E-01
   3.3470E+01   2.7294E+00   1.5109E+00   1.2185E+00   4.4644E-01
   3.3470E+01   2.7294E+00   1.5109E+00   1.2185E+00   4.4644E-01
   3.3773E+01   2.7176E+00   1.5031E+00   1.2145E+00   4.4691E-01
   3.4903E+01   2.6750E+00   1.4751E+00   1.1999E+00   4.4856E-01
   3.6000E+01   2.6354E+00   1.4491E+00   1.1863E+00   4.5016E-01
   3.6000E+01   2.6354E+00   1.4491E+00   1.1863E+00   4.5016E-01
   3.6000E+01   2.6354E+00   1.4491E+00   1.1863E+00   4.5016E-01
   3.6070E+01   2.6329E+00   1.4474E+00   1.1855E+00   4.5026E-01
   3.7276E+01   2.5914E+00   1.4201E+00   1.1713E+00   4.5200E-01
   3.8522E+01   2.5506E+00   1.3931E+00   1.1574E+00   4.5379E-01
   3.9811E+01   2.5103E+00   1.3665E+00   1.1437E+00   4.5562E-01
   4.1142E+01   2.4705E+00   1.3403E+00   1.1302E+00   4.5749E-01
   4.2518E+01   2.4308E+00   1.3147E+00   1.1160E+00   4.5912E-01
   4.3940E+01   2.3915E+00   1.2896E+00   1.1019E+00   4.6076E-01
   4.4100E+01   2.3871E+00   1.2868E+00   1.1003E+00   4.6094E-01
   4.4100E+01   2.3871E+00   1.2868E+00   1.1003E+00   4.6094E-01
   4.4100E+01   2.3871E+00   1.2868E+00   1.1003E+00   4.6094E-01
   4.5409E+01   2.3527E+00   1.2649E+00   1.0878E+00   4.6237E-01
   4.6928E+01   2.3144E+00   1.2410E+00   1.0734E+00   4.6379E-01
   4.8497E+01   2.2765E+00   1.2174E+00   1.0592E+00   4.6526E-01
   5.0119E+01   2.2392E+00   1.1940E+00   1.0452E+00   4.6677E-01
   5.1795E+01   2.2023E+00   1.1714E+00   1.0309E+00   4.6811E-01
   5.1814E+01   2.2019E+00   1.1711E+00   1.0308E+00   4.6812E-01
   5.1815E+01   2.2019E+00   1.1711E+00   1.0308E+00   4.6812E-01
   5.1815E+01   2.2019E+00   1.1711E+00   1.0308E+00   4.6812E-01
   5.3527E+01   2.1659E+00   1.1492E+00   1.0167E+00   4.6939E-01
   5.5317E+01   2.1300E+00   1.1275E+00   1.0025E+00   4.7066E-01
   5.7167E+01   2.0945E+00   1.1061E+00   9.8845E-01   4.7192E-01
   5.7300E+01   2.0920E+00   1.1046E+00   9.8745E-01   4.7201E-01
   5.7300E+01   2.0920E+00   1.1046E+00   9.8745E-01   4.7201E-01
   5.7300E+01   2.0920E+00   1.1046E+00   9.8745E-01   4.7201E-01
   5.9078E+01   2.0595E+00   1.0850E+00   9.7451E-01   4.7317E-01
   6.1054E+01   2.0250E+00   1.0644E+00   9.6051E-01   4.7434E-01
   6.3096E+01   1.9908E+00   1.0441E+00   9.4675E-01   4.7555E-01
   6.3200E+01   1.9891E+00   1.0431E+00   9.4606E-01   4.7562E-01
   6.3200E+01   1.9891E+00   1.0431E+00   9.4606E-01   4.7562E-01
   6.3200E+01   1.9891E+00   1.0431E+00   9.4606E-01   4.7562E-01
   6.5206E+01   1.9571E+00   1.0241E+00   9.3304E-01   4.7674E-01
   6.7386E+01   1.9239E+00   1.0044E+00   9.1948E-01   4.7792E-01
   6.9640E+01   1.8911E+00   9.8503E-01   9.0606E-01   4.7912E-01
   7.1000E+01   1.8720E+00   9.7373E-01   8.9826E-01   4.7984E-01
   7.1000E+01   1.8720E+00   9.7373E-01   8.9825E-01   4.7984E-01
   7.1000E+01   1.8720E+00   9.7373E-01   8.9825E-01   4.7984E-01
   7.1969E+01   1.8587E+00   9.6592E-01   8.9276E-01   4.8032E-01
   7.4375E+01   1.8267E+00   9.4706E-01   8.7960E-01   4.8153E-01
   7.6500E+01   1.7996E+00   9.3107E-01   8.6849E-01   4.8261E-01
   7.6500E+01   1.7996E+00   9.3107E-01   8.6849E-01   4.8261E-01
   7.6500E+01   1.7996E+00   9.3107E-01   8.6849E-01   4.8261E-01
   7.6862E+01   1.7950E+00   9.2840E-01   8.6664E-01   4.8280E-01
   7.9433E+01   1.7638E+00   9.0998E-01   8.5383E-01   4.8408E-01
   8.2089E+01   1.7329E+00   8.9176E-01   8.4119E-01   4.8541E-01
   8.4834E+01   1.7024E+00   8.7372E-01   8.2871E-01   4.8678E-01
   8.7671E+01   1.6723E+00   8.5587E-01   8.1641E-01   4.8820E-01
   8.8356E+01   1.6652E+00   8.5165E-01   8.1355E-01   4.8856E-01
   8.8356E+01   1.6652E+00   8.5165E-01   8.1355E-01   4.8856E-01
   8.8356E+01   1.6652E+00   8.5165E-01   8.1355E-01   4.8856E-01
   9.0603E+01   1.6425E+00   8.3820E-01   8.0427E-01   4.8967E-01
   9.3633E+01   1.6130E+00   8.2068E-01   7.9231E-01   4.9121E-01
   9.6764E+01   1.5838E+00   8.0331E-01   7.8052E-01   4.9281E-01
   1.0000E+02   1.5550E+00   7.8601E-01   7.6896E-01   4.9452E-01
   1.0334E+02   1.5264E+00   7.6890E-01   7.5752E-01   4.9627E-01
   1.0680E+02   1.4982E+00   7.5214E-01   7.4606E-01   4.9797E-01
   1.1037E+02   1.4702E+00   7.3523E-01   7.3500E-01   4.9992E-01
   1.1406E+02   1.4425E+00   7.1834E-01   7.2420E-01   5.0203E-01
   1.1788E+02   1.4151E+00   7.0163E-01   7.1351E-01   5.0420E-01
   1.2182E+02   1.3880E+00   6.8513E-01   7.0286E-01   5.0639E-01
   1.2200E+02   1.3868E+00   6.8438E-01   7.0239E-01   5.0649E-01
   1.2200E+02   1.3868E+00   6.8438E-01   7.0239E-01   5.0649E-01
   1.2200E+02   1.3868E+00   6.8438E-01   7.0239E-01   5.0649E-01
   1.2300E+02   1.3801E+00   6.8026E-01   6.9981E-01   5.0708E-01
   1.2300E+02   1.3801E+00   6.8026E-01   6.9981E-01   5.0708E-01
   1.2300E+02   1.3801E+00   6.8026E-01   6.9981E-01   5.0708E-01
   1.2500E+02   1.3669E+00   6.7223E-01   6.9466E-01   5.0821E-01
   1.2500E+02   1.3669E+00   6.7223E-01   6.9466E-01   5.0821E-01
   1.2500E+02   1.3669E+00   6.7223E-01   6.9466E-01   5.0821E-01
   1.2589E+02   1.3611E+00   6.6873E-01   6.9237E-01   5.0868E-01
   1.3010E+02   1.3345E+00   6.5247E-01   6.8200E-01   5.1106E-01
   1.3445E+02   1.3080E+00   6.3599E-01   6.7206E-01   5.1379E-01
   1.3895E+02   1.2820E+00   6.2004E-01   6.6191E-01   5.1633E-01
   1.4360E+02   1.2561E+00   6.0400E-01   6.5210E-01   5.1914E-01
   1.4600E+02   1.2431E+00   5.9583E-01   6.4732E-01   5.2071E-01
   1.4600E+02   1.2431E+00   5.9583E-01   6.4732E-01   5.2071E-01
   1.4600E+02   1.2431E+00   5.9583E-01   6.4732E-01   5.2071E-01
   1.4840E+02   1.2305E+00   5.8776E-01   6.4274E-01   5.2234E-01
   1.5336E+02   1.2052E+00   5.7207E-01   6.3309E-01   5.2531E-01
   1.5768E+02   1.1839E+00   5.5903E-01   6.2487E-01   5.2781E-01
   1.5768E+02   1.1839E+00   5.5903E-01   6.2487E-01   5.2781E-01
   1.5768E+02   1.1839E+00   5.5903E-01   6.2487E-01   5.2781E-01
   1.5849E+02   1.1800E+00   5.5661E-01   6.2338E-01   5.2829E-01
   1.6379E+02   1.1549E+00   5.4097E-01   6.1394E-01   5.3159E-01
   1.6800E+02   1.1356E+00   5.2873E-01   6.0685E-01   5.3440E-01
   1.6800E+02   1.1356E+00   5.2873E-01   6.0685E-01   5.3440E-01
   1.6800E+02   1.1356E+00   5.2873E-01   6.0685E-01   5.3440E-01
   1.6927E+02   1.1299E+00   5.2509E-01   6.0479E-01   5.3527E-01
   1.7493E+02   1.1050E+00   5.0902E-01   5.9597E-01   5.3934E-01
   1.7740E+02   1.0944E+00   5.0259E-01   5.9178E-01   5.4075E-01
   1.7740E+02   1.0944E+00   5.0259E-01   5.9178E-01   5.4075E-01
   1.7740E+02   1.0944E+00   5.0259E-01   5.9178E-01   5.4075E-01
   1.8078E+02   1.0802E+00   4.9396E-01   5.8626E-01   5.4273E-01
   1.8682E+02   1.0558E+00   4.7883E-01   5.7699E-01   5.4649E-01
   1.9307E+02   1.0316E+00   4.6333E-01   5.6831E-01   5.5088E-01
   1.9900E+02   1.0101E+00   4.4906E-01   5.6102E-01   5.5542E-01
   1.9900E+02   1.0101E+00   4.4906E-01   5.6102E-01   5.5542E-01
   1.9900E+02   1.0101E+00   4.4906E-01   5.6102E-01   5.5542E-01
   1.9953E+02   1.0082E+00   4.4779E-01   5.6040E-01   5.5585E-01
   2.0550E+02   9.8726E-01   4.3441E-01   5.5285E-01   5.5998E-01
   2.0550E+02   9.8726E-01   4.3441E-01   5.5285E-01   5.5998E-01
   2.0550E+02   9.8726E-01   4.3441E-01   5.5285E-01   5.5998E-01
   2.0620E+02   9.8489E-01   4.3288E-01   5.5200E-01   5.6047E-01
   2.1309E+02   9.6239E-01   4.1827E-01   5.4412E-01   5.6538E-01
   2.1400E+02   9.5947E-01   4.1636E-01   5.4312E-01   5.6606E-01
   2.1400E+02   9.5947E-01   4.1636E-01   5.4312E-01   5.6606E-01
   2.1400E+02   9.5947E-01   4.1636E-01   5.4312E-01   5.6606E-01
   2.2022E+02   9.3950E-01   4.0306E-01   5.3644E-01   5.7098E-01
   2.2758E+02   9.1731E-01   3.8839E-01   5.2892E-01   5.7660E-01
   2.3041E+02   9.0886E-01   3.8301E-01   5.2585E-01   5.7858E-01
   2.3041E+02   9.0886E-01   3.8301E-01   5.2585E-01   5.7858E-01
   2.3041E+02   9.0886E-01   3.8301E-01   5.2585E-01   5.7858E-01
   2.3520E+02   8.9438E-01   3.7372E-01   5.2066E-01   5.8214E-01
   2.4306E+02   8.7212E-01   3.5953E-01   5.1259E-01   5.8775E-01
   2.5119E+02   8.4902E-01   3.4498E-01   5.0404E-01   5.9367E-01
   2.5959E+02   8.2564E-01   3.3001E-01   4.9563E-01   6.0030E-01
   2.6827E+02   8.0184E-01   3.1572E-01   4.8612E-01   6.0626E-01
   2.7724E+02   7.7703E-01   3.0084E-01   4.7619E-01   6.1283E-01
   2.8651E+02   7.5331E-01   2.8737E-01   4.6594E-01   6.1852E-01
   2.9609E+02   7.2847E-01   2.7274E-01   4.5573E-01   6.2560E-01
   3.0599E+02   7.0646E-01   2.6050E-01   4.4596E-01   6.3126E-01
   3.1450E+02   6.8614E-01   2.4918E-01   4.3696E-01   6.3684E-01
   3.1450E+02   6.8614E-01   2.4918E-01   4.3696E-01   6.3684E-01
   3.1450E+02   6.8614E-01   2.4918E-01   4.3696E-01   6.3684E-01
   3.1623E+02   6.8263E-01   2.4724E-01   4.3539E-01   6.3781E-01
   3.2680E+02   6.6354E-01   2.3680E-01   4.2674E-01   6.4312E-01
   3.3773E+02   6.4065E-01   2.2272E-01   4.1792E-01   6.5234E-01
   3.4903E+02   6.2514E-01   2.1244E-01   4.1269E-01   6.6016E-01
   3.5300E+02   6.1861E-01   2.0851E-01   4.1010E-01   6.6294E-01
   3.5300E+02   6.1861E-01   2.0851E-01   4.1010E-01   6.6294E-01
   3.5300E+02   6.1861E-01   2.0851E-01   4.1010E-01   6.6294E-01
   3.6070E+02   6.0469E-01   1.9947E-01   4.0522E-01   6.7013E-01
   3.7041E+02   5.9323E-01   1.9156E-01   4.0167E-01   6.7709E-01
   3.7041E+02   5.9323E-01   1.9156E-01   4.0167E-01   6.7709E-01
   3.7041E+02   5.9323E-01   1.9156E-01   4.0167E-01   6.7709E-01
   3.7276E+02   5.9058E-01   1.8974E-01   4.0084E-01   6.7872E-01
   3.8522E+02   5.6950E-01   1.7561E-01   3.9389E-01   6.9163E-01
   3.9811E+02   5.5296E-01   1.6482E-01   3.8814E-01   7.0193E-01
   4.1142E+02   5.3231E-01   1.5286E-01   3.7945E-01   7.1285E-01
   4.2200E+02   5.1967E-01   1.4612E-01   3.7355E-01   7.1883E-01
   4.2200E+02   5.1967E-01   1.4612E-01   3.7355E-01   7.1883E-01
   4.2200E+02   5.1967E-01   1.4612E-01   3.7355E-01   7.1883E-01
   4.2518E+02   5.1700E-01   1.4482E-01   3.7219E-01   7.1989E-01
   4.3940E+02   5.0081E-01   1.3537E-01   3.6544E-01   7.2970E-01
   4.5409E+02   4.8802E-01   1.2804E-01   3.5997E-01   7.3762E-01
   4.5500E+02   4.8744E-01   1.2777E-01   3.5967E-01   7.3787E-01
   4.5500E+02   4.8744E-01   1.2777E-01   3.5967E-01   7.3787E-01
   4.5500E+02   4.8744E-01   1.2777E-01   3.5967E-01   7.3787E-01
   4.6928E+02   4.7170E-01   1.1892E-01   3.5277E-01   7.4788E-01
   4.8497E+02   4.5203E-01   1.0807E-01   3.4396E-01   7.6093E-01
   4.9700E+02   4.3765E-01   1.0120E-01   3.3645E-01   7.6876E-01
   4.9700E+02   4.3765E-01   1.0120E-01   3.3645E-01   7.6876E-01
   4.9700E+02   4.3765E-01   1.0120E-01   3.3645E-01   7.6876E-01
   5.0119E+02   4.3112E-01   9.8125E-02   3.3300E-01   7.7240E-01
   5.1795E+02   4.0306E-01   8.6767E-02   3.1629E-01   7.8473E-01
   5.3527E+02   3.7695E-01   7.8935E-02   2.9801E-01   7.9060E-01
   5.5317E+02   3.4923E-01   7.2677E-02   2.7655E-01   7.9189E-01
   5.7167E+02   3.2189E-01   6.7629E-02   2.5426E-01   7.8990E-01
   5.9078E+02   2.9463E-01   6.3059E-02   2.3157E-01   7.8597E-01
   6.0940E+02   2.6954E-01   5.8924E-02   2.1061E-01   7.8139E-01
   6.0940E+02   2.6954E-01   5.8924E-02   2.1061E-01   7.8139E-01
   6.0940E+02   2.6954E-01   5.8924E-02   2.1061E-01   7.8139E-01
   6.1054E+02   2.6814E-01   5.8709E-02   2.0943E-01   7.8105E-01
   6.3096E+02   2.4224E-01   5.4572E-02   1.8766E-01   7.7471E-01
   6.5206E+02   2.1491E-01   4.9734E-02   1.6518E-01   7.6858E-01
   6.7386E+02   1.8614E-01   4.4304E-02   1.4183E-01   7.6198E-01
   6.9640E+02   1.5221E-01   3.6864E-02   1.1535E-01   7.5782E-01
   7.1969E+02   1.2039E-01   2.9330E-02   9.1056E-02   7.5637E-01
   7.4375E+02   9.1348E-02   2.2030E-02   6.9318E-02   7.5883E-01
   7.6862E+02   6.9938E-02   1.6589E-02   5.3348E-02   7.6280E-01
   7.9433E+02   5.5654E-02   1.3077E-02   4.2577E-02   7.6504E-01
   8.2089E+02   4.5727E-02   1.0782E-02   3.4945E-02   7.6421E-01
   8.4834E+02   3.8350E-02   9.1683E-03   2.9181E-02   7.6093E-01
   8.7671E+02   3.2592E-02   7.9625E-03   2.4630E-02   7.5569E-01
   9.0603E+02   2.7957E-02   7.0237E-03   2.0934E-02   7.4877E-01
   9.3633E+02   2.4159E-02   6.2795E-03   1.7879E-02   7.4007E-01
   9.6764E+02   2.0982E-02   5.6586E-03   1.5324E-02   7.3031E-01
   1.0000E+03   1.8297E-02   5.1291E-03   1.3168E-02   7.1968E-01
